'(1 662 777 18 27)
'(2 893 985 13 10)
'(3 199 328 16 16)
'(4 12 802 15 10)
'(5 415 174 15 13)
'(6 479 909 23 14)
'(7 35 575 29 10)
'(8 907 971 17 19)
'(9 843 247 22 24)
'(10 447 593 20 11)
'(11 863 570 26 14)
'(12 977 75 18 25)
'(13 236 756 17 20)
'(14 525 80 25 20)
'(15 348 421 16 11)
'(16 276 413 19 21)
'(17 7 969 18 29)
'(18 538 70 26 22)
'(19 725 312 24 27)
'(20 523 389 18 10)
'(21 677 654 12 20)
'(22 2 165 19 19)
'(23 747 632 29 13)
'(24 152 652 24 21)
'(25 782 381 14 28)
'(26 632 161 10 26)
'(27 323 73 18 25)
'(28 513 340 17 10)
'(29 580 474 25 10)
'(30 862 223 29 10)
'(31 661 706 16 20)
'(32 727 758 28 27)
'(33 420 273 19 23)
'(34 416 61 24 23)
'(35 179 961 28 15)
'(36 852 235 23 15)
'(37 172 831 21 27)
'(38 696 637 12 22)
'(39 761 853 18 23)
'(40 539 385 24 10)
'(41 489 188 24 14)
'(42 216 574 16 20)
'(43 865 615 26 14)
'(44 748 757 14 16)
'(45 872 818 12 12)
'(46 57 943 11 25)
'(47 843 564 24 10)
'(48 756 126 29 23)
'(49 902 950 18 24)
'(50 297 193 22 22)
'(51 639 184 13 12)
'(52 42 358 29 12)
'(53 382 116 3 16)
'(54 547 90 13 11)
'(55 248 5 22 24)
'(56 419 15 29 26)
'(57 336 717 27 28)
'(58 295 937 14 11)
'(59 921 303 26 27)
'(60 888 893 16 24)
'(61 238 584 15 13)
'(62 305 262 26 26)
'(63 263 500 21 26)
'(64 410 525 26 21)
'(65 613 654 17 13)
'(66 409 706 14 26)
'(67 783 513 6 8)
'(68 881 61 29 25)
'(69 77 312 13 29)
'(70 40 619 16 25)
'(71 301 565 11 19)
'(72 454 668 25 22)
'(73 904 513 17 20)
'(74 502 148 18 29)
'(75 601 125 26 17)
'(76 799 159 20 19)
'(77 118 486 26 23)
'(78 442 168 15 10)
'(79 938 826 29 15)
'(80 944 336 7 3)
'(81 164 330 28 10)
'(82 814 669 12 15)
'(83 702 432 15 27)
'(84 275 581 17 24)
'(85 651 93 12 13)
'(86 878 988 20 12)
'(87 943 982 21 13)
'(88 838 922 25 19)
'(89 439 627 13 16)
'(90 610 482 14 22)
'(91 16 162 10 18)
'(92 593 770 29 22)
'(93 391 694 24 12)
'(94 247 290 28 10)
'(95 160 636 25 19)
'(96 940 541 18 13)
'(97 661 910 17 27)
'(98 862 58 22 14)
'(99 6 388 21 18)
'(100 672 835 29 28)
'(101 881 52 11 18)
'(102 441 173 11 26)
'(103 773 780 27 16)
'(104 747 605 26 26)
'(105 428 653 20 10)
'(106 738 742 19 24)
'(107 700 853 12 24)
'(108 850 609 22 22)
'(109 610 205 29 15)
'(110 363 577 26 16)
'(111 622 823 13 21)
'(112 956 478 15 24)
'(113 289 559 29 15)
'(114 522 416 20 13)
'(115 103 155 27 24)
'(116 603 43 29 16)
'(117 938 757 24 27)
'(118 65 516 10 17)
'(119 238 736 17 25)
'(120 581 899 11 26)
'(121 798 184 24 24)
'(122 915 299 28 29)
'(123 271 587 22 23)
'(124 53 149 16 15)
'(125 835 722 15 11)
'(126 526 433 26 21)
'(127 841 571 13 18)
'(128 169 275 27 25)
'(129 159 520 24 25)
'(130 810 687 25 27)
'(131 230 226 10 20)
'(132 474 918 26 27)
'(133 39 101 25 13)
'(134 875 827 19 10)
'(135 806 732 3 20)
'(136 700 87 19 16)
'(137 919 871 29 18)
'(138 286 569 24 20)
'(139 471 937 12 10)
'(140 1 99 25 29)
'(141 348 536 20 18)
'(142 98 663 24 20)
'(143 290 134 22 21)
'(144 81 794 23 24)
'(145 915 584 13 28)
'(146 220 795 20 10)
'(147 133 698 17 23)
'(148 325 781 10 19)
'(149 81 123 11 15)
'(150 205 632 16 24)
'(151 207 422 28 21)
'(152 953 349 28 10)
'(153 852 580 27 27)
'(154 71 134 22 17)
'(155 816 776 22 15)
'(156 324 535 20 10)
'(157 145 867 8 10)
'(158 681 886 23 11)
'(159 798 355 12 21)
'(160 84 513 26 14)
'(161 783 800 11 28)
'(162 286 216 29 25)
'(163 713 733 16 13)
'(164 878 226 12 16)
'(165 173 691 26 28)
'(166 611 36 26 27)
'(167 564 39 20 13)
'(168 274 167 27 23)
'(169 194 140 27 21)
'(170 953 828 10 21)
'(171 17 228 29 16)
'(172 592 50 25 17)
'(173 672 935 23 19)
'(174 551 901 21 23)
'(175 986 145 10 11)
'(176 588 546 25 27)
'(177 352 374 13 24)
'(178 257 933 15 21)
'(179 401 371 14 22)
'(180 403 527 29 29)
'(181 374 844 23 21)
'(182 289 355 27 29)
'(183 295 927 18 18)
'(184 162 356 14 26)
'(185 109 898 22 24)
'(186 917 326 23 29)
'(187 193 175 21 19)
'(188 423 874 24 19)
'(189 902 492 25 28)
'(190 977 23 21 22)
'(191 491 199 26 18)
'(192 742 838 28 13)
'(193 935 104 16 17)
'(194 165 822 14 20)
'(195 685 534 14 11)
'(196 616 684 13 23)
'(197 701 463 29 20)
'(198 726 34 24 14)
'(199 205 916 23 23)
'(200 465 67 13 15)
'(201 727 461 16 20)
'(202 666 22 28 27)
'(203 183 304 21 22)
'(204 745 205 21 27)
'(205 657 666 20 22)
'(206 5 504 27 26)
'(207 534 363 12 15)
'(208 205 243 24 28)
'(209 705 695 21 18)
'(210 112 477 27 12)
'(211 548 918 16 26)
'(212 490 829 20 13)
'(213 776 559 19 23)
'(214 106 684 21 16)
'(215 157 381 28 22)
'(216 266 807 13 16)
'(217 532 130 25 29)
'(218 278 517 18 19)
'(219 499 468 23 16)
'(220 91 554 26 21)
'(221 443 519 12 10)
'(222 524 131 16 18)
'(223 953 544 26 18)
'(224 215 942 25 28)
'(225 958 5 10 14)
'(226 211 774 15 27)
'(227 721 748 10 23)
'(228 624 265 29 17)
'(229 623 809 14 13)
'(230 974 143 19 13)
'(231 68 503 29 23)
'(232 746 244 16 20)
'(233 5 494 16 26)
'(234 261 794 14 17)
'(235 120 850 25 27)
'(236 666 152 25 24)
'(237 190 836 18 23)
'(238 651 238 17 26)
'(239 41 614 16 26)
'(240 21 354 13 24)
'(241 453 78 14 11)
'(242 376 615 11 19)
'(243 103 47 14 15)
'(244 771 9 16 27)
'(245 196 458 11 19)
'(246 277 392 11 19)
'(247 787 353 18 26)
'(248 96 202 15 12)
'(249 647 792 13 20)
'(250 932 566 14 21)
'(251 186 668 29 28)
'(252 801 730 14 27)
'(253 924 960 29 11)
'(254 726 435 15 17)
'(255 89 826 14 21)
'(256 631 345 20 21)
'(257 921 969 20 27)
'(258 289 152 20 12)
'(259 205 198 10 20)
'(260 365 965 16 14)
'(261 321 603 13 26)
'(262 871 290 27 11)
'(263 948 43 12 16)
'(264 718 478 19 23)
'(265 412 272 23 28)
'(266 32 528 29 14)
'(267 12 101 28 20)
'(268 591 314 25 11)
'(269 255 535 10 20)
'(270 678 657 24 17)
'(271 797 169 12 27)
'(272 43 153 22 16)
'(273 184 269 12 20)
'(274 392 926 20 17)
'(275 857 605 22 16)
'(276 99 117 14 22)
'(277 605 40 5 3)
'(278 187 866 25 24)
'(279 557 169 27 26)
'(280 227 874 24 29)
'(281 82 615 25 10)
'(282 232 855 27 28)
'(283 968 172 14 20)
'(284 625 295 12 12)
'(285 935 970 19 22)
'(286 886 167 20 26)
'(287 314 191 21 13)
'(288 639 267 29 14)
'(289 644 124 12 19)
'(290 316 140 23 26)
'(291 925 377 22 28)
'(292 598 600 11 25)
'(293 739 315 15 24)
'(294 153 55 15 29)
'(295 150 231 24 12)
'(296 527 434 28 16)
'(297 351 975 21 16)
'(298 675 901 26 18)
'(299 371 423 23 16)
'(300 949 7 24 11)
'(301 270 122 14 12)
'(302 950 903 26 17)
'(303 738 677 21 15)
'(304 111 478 26 29)
'(305 14 786 11 13)
'(306 734 173 14 21)
'(307 365 878 17 12)
'(308 144 702 21 12)
'(309 39 631 18 19)
'(310 72 514 18 26)
'(311 653 748 21 29)
'(312 887 229 14 10)
'(313 918 902 12 12)
'(314 555 100 14 17)
'(315 250 750 19 15)
'(316 145 978 27 13)
'(317 755 777 14 13)
'(318 584 808 17 24)
'(319 982 978 10 3)
'(320 522 314 19 14)
'(321 951 258 20 26)
'(322 936 197 20 20)
'(323 946 481 27 26)
'(324 109 583 10 6)
'(325 409 817 7 7)
'(326 361 738 10 18)
'(327 844 802 24 18)
'(328 866 874 14 10)
'(329 582 942 10 22)
'(330 973 89 12 24)
'(331 64 541 21 26)
'(332 223 249 14 26)
'(333 274 291 17 12)
'(334 433 438 23 19)
'(335 516 735 21 25)
'(336 859 213 20 25)
'(337 499 722 19 16)
'(338 452 560 24 16)
'(339 287 895 25 11)
'(340 10 811 10 12)
'(341 228 667 14 23)
'(342 953 215 18 20)
'(343 781 788 12 18)
'(344 17 144 20 23)
'(345 895 56 25 29)
'(346 309 786 13 10)
'(347 37 490 29 23)
'(348 530 435 13 23)
'(349 493 729 17 13)
'(350 584 656 25 19)
'(351 578 951 19 29)
'(352 425 20 19 13)
'(353 940 50 19 18)
'(354 554 659 21 22)
'(355 907 750 26 29)
'(356 810 806 27 23)
'(357 16 0 27 26)
'(358 675 358 20 16)
'(359 459 623 22 13)
'(360 942 333 29 10)
'(361 654 174 22 10)
'(362 322 589 23 26)
'(363 357 18 15 23)
'(364 707 854 16 17)
'(365 795 415 17 28)
'(366 165 781 12 28)
'(367 967 919 14 12)
'(368 947 227 13 12)
'(369 498 620 27 22)
'(370 963 351 10 5)
'(371 444 873 16 21)
'(372 964 360 28 22)
'(373 337 589 25 29)
'(374 654 831 27 13)
'(375 581 71 25 23)
'(376 108 651 26 16)
'(377 308 135 11 20)
'(378 238 60 18 21)
'(379 874 880 15 28)
'(380 935 399 13 28)
'(381 614 107 23 19)
'(382 895 673 27 29)
'(383 22 983 23 13)
'(384 463 825 29 18)
'(385 867 518 20 12)
'(386 714 760 25 16)
'(387 232 955 26 12)
'(388 449 516 10 26)
'(389 564 448 28 12)
'(390 358 27 16 19)
'(391 704 633 24 12)
'(392 475 537 28 15)
'(393 199 202 29 23)
'(394 875 571 18 10)
'(395 740 639 13 28)
'(396 532 103 25 28)
'(397 905 948 16 26)
'(398 848 856 23 25)
'(399 725 790 20 18)
'(400 948 254 22 21)
'(401 851 571 16 17)
'(402 959 327 14 20)
'(403 905 506 16 25)
'(404 817 805 24 18)
'(405 36 706 20 27)
'(406 776 470 21 13)
'(407 357 746 13 10)
'(408 761 550 10 19)
'(409 604 285 25 11)
'(410 762 56 25 27)
'(411 69 153 29 24)
'(412 167 807 11 14)
'(413 648 504 25 19)
'(414 556 902 20 17)
'(415 215 34 13 20)
'(416 572 814 13 20)
'(417 823 663 26 21)
'(418 535 705 22 10)
'(419 355 111 12 16)
'(420 395 701 26 12)
'(421 806 615 23 15)
'(422 76 471 25 29)
'(423 868 564 12 17)
'(424 275 395 26 28)
'(425 848 207 26 24)
'(426 166 816 18 18)
'(427 826 780 11 23)
'(428 832 310 18 16)
'(429 0 98 23 10)
'(430 114 453 21 16)
'(431 300 383 21 29)
'(432 212 394 16 21)
'(433 70 637 11 21)
'(434 781 505 16 27)
'(435 891 433 26 23)
'(436 576 752 17 11)
'(437 454 124 13 13)
'(438 633 376 13 21)
'(439 329 310 16 21)
'(440 83 99 13 15)
'(441 886 232 17 15)
'(442 538 716 18 24)
'(443 274 680 16 15)
'(444 863 48 21 18)
'(445 960 332 27 14)
'(446 571 65 27 25)
'(447 729 107 27 27)
'(448 905 830 11 21)
'(449 129 814 13 10)
'(450 501 281 27 20)
'(451 930 953 20 28)
'(452 733 745 29 18)
'(453 218 213 15 15)
'(454 817 88 23 19)
'(455 395 803 21 17)
'(456 706 16 25 13)
'(457 699 480 29 27)
'(458 748 618 10 17)
'(459 227 587 10 15)
'(460 20 907 19 28)
'(461 675 724 18 18)
'(462 925 580 12 26)
'(463 725 764 12 11)
'(464 372 320 18 13)
'(465 313 654 29 28)
'(466 866 151 21 10)
'(467 554 910 22 15)
'(468 616 657 10 5)
'(469 61 340 26 21)
'(470 92 512 22 22)
'(471 458 928 28 11)
'(472 120 841 10 16)
'(473 229 791 25 29)
'(474 302 522 23 15)
'(475 673 718 12 25)
'(476 413 472 26 25)
'(477 914 174 28 28)
'(478 927 740 21 12)
'(479 491 549 13 13)
'(480 76 74 24 17)
'(481 925 489 28 24)
'(482 63 21 18 13)
'(483 792 453 21 10)
'(484 454 162 13 18)
'(485 592 48 26 16)
'(486 673 685 29 28)
'(487 259 499 20 29)
'(488 46 774 13 18)
'(489 529 376 13 11)
'(490 774 571 16 16)
'(491 202 219 19 21)
'(492 466 183 22 21)
'(493 430 607 21 28)
'(494 607 918 27 18)
'(495 216 524 10 24)
'(496 730 217 17 16)
'(497 976 400 23 27)
'(498 657 445 23 21)
'(499 842 302 10 26)
'(500 647 275 23 25)
'(501 727 17 17 25)
'(502 454 551 29 20)
'(503 855 934 13 14)
'(504 588 551 12 17)
'(505 726 450 16 18)
'(506 654 766 18 16)
'(507 58 202 26 26)
'(508 543 771 18 20)
'(509 867 550 15 13)
'(510 882 545 21 26)
'(511 511 548 29 17)
'(512 693 466 11 14)
'(513 472 111 16 19)
'(514 664 224 14 28)
'(515 317 924 28 17)
'(516 0 367 29 17)
'(517 143 282 27 22)
'(518 205 831 19 13)
'(519 36 130 14 17)
'(520 32 527 21 20)
'(521 667 784 8 7)
'(522 922 492 12 10)
'(523 1 878 10 27)
'(524 928 350 27 22)
'(525 547 74 11 10)
'(526 452 595 8 5)
'(527 76 669 25 26)
'(528 947 599 25 28)
'(529 686 616 15 19)
'(530 966 92 23 18)
'(531 124 956 25 27)
'(532 620 112 15 13)
'(533 735 72 23 14)
'(534 659 231 25 20)
'(535 792 425 12 21)
'(536 327 800 23 28)
'(537 95 696 14 13)
'(538 453 175 26 20)
'(539 423 139 10 15)
'(540 179 217 10 27)
'(541 434 442 12 21)
'(542 443 677 20 12)
'(543 257 581 12 16)
'(544 55 512 17 25)
'(545 900 399 28 14)
'(546 677 525 27 17)
'(547 867 526 18 21)
'(548 520 840 20 26)
'(549 280 629 22 16)
'(550 255 285 28 21)
'(551 384 119 21 25)
'(552 748 799 19 28)
'(553 34 20 27 18)
'(554 326 500 10 28)
'(555 379 746 19 11)
'(556 223 435 23 28)
'(557 409 502 14 20)
'(558 696 689 29 22)
'(559 889 42 10 26)
'(560 561 281 28 19)
'(561 309 445 13 23)
'(562 410 437 16 18)
'(563 864 546 26 26)
'(564 785 868 26 23)
'(565 479 383 19 11)
'(566 276 138 28 21)
'(567 437 82 28 24)
'(568 105 519 27 20)
'(569 618 645 11 29)
'(570 629 757 12 10)
'(571 100 684 25 28)
'(572 524 402 13 14)
'(573 263 423 29 20)
'(574 629 363 16 14)
'(575 725 35 16 22)
'(576 177 806 22 13)
'(577 227 444 15 11)
'(578 587 473 28 13)
'(579 511 840 12 21)
'(580 370 114 11 24)
'(581 819 765 20 19)
'(582 892 844 16 25)
'(583 773 258 23 28)
'(584 148 336 29 26)
'(585 200 170 12 26)
'(586 672 210 14 21)
'(587 341 321 27 16)
'(588 688 527 18 14)
'(589 704 210 16 14)
'(590 126 8 11 21)
'(591 292 178 27 11)
'(592 808 134 17 25)
'(593 892 766 23 27)
'(594 477 67 23 13)
'(595 924 372 12 27)
'(596 142 802 22 20)
'(597 903 753 10 20)
'(598 97 723 19 20)
'(599 779 440 21 22)
'(600 98 808 22 19)
'(601 210 684 26 28)
'(602 429 82 18 17)
'(603 826 725 20 11)
'(604 613 86 29 28)
'(605 84 479 13 18)
'(606 287 783 27 20)
'(607 216 799 18 18)
'(608 233 700 27 15)
'(609 492 640 19 20)
'(610 716 707 12 14)
'(611 749 567 19 20)
'(612 841 700 25 18)
'(613 523 798 25 28)
'(614 326 398 13 15)
'(615 956 908 22 19)
'(616 223 243 13 16)
'(617 873 881 14 21)
'(618 22 77 14 28)
'(619 443 659 12 18)
'(620 609 76 24 12)
'(621 519 316 10 17)
'(622 107 205 12 20)
'(623 333 82 14 29)
'(624 498 962 21 15)
'(625 211 47 21 18)
'(626 699 317 29 28)
'(627 872 962 19 27)
'(628 826 682 12 20)
'(629 370 923 17 14)
'(630 25 413 20 15)
'(631 631 133 18 13)
'(632 545 672 11 23)
'(633 939 850 26 25)
'(634 139 900 20 15)
'(635 407 815 17 20)
'(636 117 521 25 24)
'(637 271 359 21 22)
'(638 932 752 20 16)
'(639 60 93 25 19)
'(640 112 563 11 24)
'(641 790 239 10 28)
'(642 695 117 17 25)
'(643 276 408 18 21)
'(644 636 726 10 23)
'(645 60 133 26 21)
'(646 359 948 12 29)
'(647 402 5 24 22)
'(648 198 874 10 28)
'(649 237 738 25 17)
'(650 944 36 18 26)
'(651 270 175 29 12)
'(652 610 645 19 10)
'(653 556 162 13 11)
'(654 223 412 18 20)
'(655 59 484 11 15)
'(656 891 215 22 28)
'(657 380 626 25 12)
'(658 98 578 23 23)
'(659 379 112 11 25)
'(660 925 864 5 4)
'(661 480 109 22 10)
'(662 130 903 19 25)
'(663 150 47 23 28)
'(664 803 98 18 12)
'(665 18 792 23 28)
'(666 498 919 11 27)
'(667 375 97 22 13)
'(668 374 619 10 21)
'(669 906 670 27 10)
'(670 896 530 27 19)
'(671 591 37 24 15)
'(672 746 426 23 16)
'(673 359 102 28 15)
'(674 345 591 10 23)
'(675 540 310 26 22)
'(676 882 899 22 16)
'(677 775 267 13 24)
'(678 853 19 26 17)
'(679 754 193 16 22)
'(680 791 591 14 12)
'(681 696 685 17 25)
'(682 513 728 10 22)
'(683 698 865 10 27)
'(684 871 156 23 18)
'(685 544 261 24 21)
'(686 678 370 14 27)
'(687 807 819 22 17)
'(688 298 128 17 11)
'(689 877 942 10 16)
'(690 689 925 26 15)
'(691 186 819 11 28)
'(692 354 596 11 27)
'(693 36 515 21 17)
'(694 918 886 14 10)
'(695 630 805 26 17)
'(696 813 21 24 25)
'(697 149 544 26 14)
'(698 50 236 10 26)
'(699 188 472 24 22)
'(700 260 714 19 25)
'(701 870 857 13 18)
'(702 744 258 15 10)
'(703 196 637 13 10)
'(704 815 682 14 26)
'(705 698 483 26 22)
'(706 90 130 13 26)
'(707 322 494 18 27)
'(708 435 798 26 21)
'(709 655 863 13 11)
'(710 504 465 11 28)
'(711 863 495 18 13)
'(712 354 414 18 23)
'(713 552 666 20 19)
'(714 611 911 17 24)
'(715 292 634 14 20)
'(716 489 227 12 18)
'(717 437 868 10 13)
'(718 788 94 29 11)
'(719 153 327 21 10)
'(720 645 873 21 19)
'(721 265 118 18 12)
'(722 165 369 17 10)
'(723 688 684 26 12)
'(724 536 737 18 12)
'(725 700 457 18 16)
'(726 143 865 13 17)
'(727 262 163 17 17)
'(728 578 939 14 26)
'(729 211 808 23 11)
'(730 910 498 5 18)
'(731 921 396 17 15)
'(732 48 352 11 26)
'(733 697 765 25 11)
'(734 0 379 26 18)
'(735 763 716 21 24)
'(736 927 7 29 11)
'(737 139 620 14 26)
'(738 886 698 10 26)
'(739 193 962 29 24)
'(740 309 313 24 17)
'(741 611 305 11 13)
'(742 362 294 18 23)
'(743 441 599 13 12)
'(744 784 404 15 27)
'(745 52 240 20 12)
'(746 750 715 14 13)
'(747 464 809 11 29)
'(748 105 555 10 29)
'(749 187 266 26 12)
'(750 454 110 24 18)
'(751 363 192 6 14)
'(752 711 438 28 20)
'(753 578 746 10 11)
'(754 462 625 15 25)
'(755 687 291 17 16)
'(756 359 546 14 20)
'(757 67 264 10 18)
'(758 923 857 13 16)
'(759 852 849 13 19)
'(760 225 794 22 21)
'(761 124 176 12 18)
'(762 842 826 21 19)
'(763 526 33 14 16)
'(764 551 494 26 22)
'(765 92 560 19 18)
'(766 428 629 10 13)
'(767 65 580 18 17)
'(768 80 534 15 29)
'(769 576 292 18 21)
'(770 831 38 27 18)
'(771 40 221 10 19)
'(772 34 893 16 22)
'(773 531 117 20 15)
'(774 491 213 26 28)
'(775 890 117 24 20)
'(776 556 17 15 25)
'(777 895 719 20 20)
'(778 384 858 24 15)
'(779 736 169 25 29)
'(780 861 569 24 15)
'(781 192 911 18 26)
'(782 115 798 20 15)
'(783 980 80 16 19)
'(784 605 42 19 24)
'(785 83 739 25 10)
'(786 522 327 13 29)
'(787 317 501 10 14)
'(788 503 47 13 11)
'(789 921 952 23 24)
'(790 69 386 23 15)
'(791 651 54 21 24)
'(792 379 868 28 13)
'(793 656 869 17 27)
'(794 731 712 12 18)
'(795 828 689 12 11)
'(796 237 693 26 11)
'(797 420 153 14 23)
'(798 586 539 19 24)
'(799 173 700 29 13)
'(800 929 721 26 23)
'(801 722 17 28 22)
'(802 963 78 15 16)
'(803 722 953 27 29)
'(804 99 560 25 16)
'(805 587 767 16 11)
'(806 691 216 24 12)
'(807 880 132 12 15)
'(808 31 910 29 16)
'(809 352 917 14 23)
'(810 159 801 12 29)
'(811 590 59 19 10)
'(812 108 34 22 24)
'(813 922 904 24 12)
'(814 379 820 13 28)
'(815 889 544 16 14)
'(816 465 367 29 24)
'(817 430 448 17 29)
'(818 213 138 28 28)
'(819 92 529 17 19)
'(820 654 45 17 14)
'(821 522 83 10 18)
'(822 864 934 23 24)
'(823 790 695 24 29)
'(824 952 389 25 27)
'(825 549 286 28 21)
'(826 211 704 23 12)
'(827 787 254 16 27)
'(828 600 37 14 21)
'(829 712 855 21 22)
'(830 861 493 26 20)
'(831 783 875 23 13)
'(832 87 434 17 11)
'(833 631 184 17 27)
'(834 317 772 13 19)
'(835 455 623 26 14)
'(836 246 877 16 16)
'(837 67 97 29 29)
'(838 959 971 28 28)
'(839 532 115 22 27)
'(840 947 21 12 27)
'(841 497 817 16 25)
'(842 238 587 23 16)
'(843 446 852 19 25)
'(844 969 34 23 26)
'(845 203 551 18 17)
'(846 615 752 28 29)
'(847 323 719 24 23)
'(848 475 577 11 19)
'(849 714 487 24 21)
'(850 412 682 17 28)
'(851 683 780 16 20)
'(852 445 514 13 15)
'(853 105 256 26 28)
'(854 515 552 26 25)
'(855 710 137 29 10)
'(856 573 783 18 17)
'(857 670 679 18 23)
'(858 494 910 17 10)
'(859 785 555 22 28)
'(860 233 64 27 22)
'(861 805 383 10 29)
'(862 29 333 21 24)
'(863 63 518 18 20)
'(864 814 665 22 13)
'(865 436 504 16 27)
'(866 581 920 13 24)
'(867 454 659 23 11)
'(868 799 869 26 19)
'(869 745 336 26 23)
'(870 917 407 15 12)
'(871 844 443 17 25)
'(872 544 69 27 12)
'(873 237 674 20 22)
'(874 819 135 25 19)
'(875 42 417 27 28)
'(876 481 190 14 19)
'(877 911 392 15 13)
'(878 121 674 16 28)
'(879 140 56 14 27)
'(880 577 544 15 26)
'(881 41 891 25 24)
'(882 915 507 12 9)
'(883 875 649 18 20)
'(884 911 969 13 16)
'(885 887 287 19 26)
'(886 912 352 22 20)
'(887 475 115 5 11)
'(888 427 532 16 27)
'(889 953 23 22 25)
'(890 874 82 20 17)
'(891 47 536 21 12)
'(892 763 55 21 25)
'(893 170 132 27 29)
'(894 793 449 22 22)
'(895 534 59 11 23)
'(896 235 569 11 23)
'(897 472 589 26 19)
'(898 406 715 10 17)
'(899 690 528 27 18)
'(900 93 504 10 14)
'(901 124 934 28 26)
'(902 476 632 19 13)
'(903 324 589 23 11)
'(904 225 507 21 24)
'(905 698 64 25 27)
'(906 135 668 25 29)
'(907 883 734 24 25)
'(908 688 537 7 4)
'(909 891 559 25 29)
'(910 256 170 18 23)
'(911 273 670 20 23)
'(912 397 729 26 23)
'(913 26 230 16 12)
'(914 904 675 26 10)
'(915 725 804 22 28)
'(916 518 139 16 20)
'(917 159 474 25 21)
'(918 14 129 15 25)
'(919 113 515 18 10)
'(920 413 487 25 19)
'(921 767 243 20 12)
'(922 82 115 18 12)
'(923 840 267 13 20)
'(924 212 403 10 29)
'(925 32 765 28 22)
'(926 181 975 18 10)
'(927 532 412 21 29)
'(928 903 742 25 16)
'(929 292 903 13 26)
'(930 799 10 28 23)
'(931 588 109 19 27)
'(932 962 977 16 15)
'(933 436 783 21 28)
'(934 77 616 20 26)
'(935 216 767 16 16)
'(936 667 741 18 20)
'(937 726 449 10 20)
'(938 39 235 13 26)
'(939 765 821 10 11)
'(940 79 5 24 27)
'(941 564 363 14 18)
'(942 186 816 12 24)
'(943 831 99 19 17)
'(944 304 774 10 26)
'(945 532 59 13 19)
'(946 552 505 16 23)
'(947 88 392 26 12)
'(948 61 182 8 16)
'(949 149 523 19 22)
'(950 310 236 16 28)
'(951 47 943 21 28)
'(952 847 671 19 24)
'(953 779 518 26 25)
'(954 978 971 18 14)
'(955 177 776 21 22)
'(956 780 782 18 17)
'(957 559 753 19 25)
'(958 947 88 22 29)
'(959 648 100 14 16)
'(960 787 800 14 27)
'(961 470 126 28 19)
'(962 157 462 11 24)
'(963 349 920 16 14)
'(964 661 570 29 16)
'(965 589 509 10 10)
'(966 260 484 29 23)
'(967 204 214 25 22)
'(968 856 815 17 14)
'(969 919 653 25 18)
'(970 344 420 24 11)
'(971 558 904 10 10)
'(972 178 125 15 13)
'(973 877 975 27 23)
'(974 62 609 17 18)
'(975 803 889 10 19)
'(976 492 195 18 29)
'(977 204 258 13 18)
'(978 947 911 28 25)
'(979 518 372 17 15)
'(980 16 797 25 28)
'(981 250 348 14 24)
'(982 644 117 9 4)
'(983 452 596 26 11)
'(984 322 715 24 11)
'(985 545 236 24 21)
'(986 861 861 10 11)
'(987 832 424 13 17)
'(988 659 418 11 28)
'(989 132 503 11 22)
'(990 523 789 14 22)
'(991 704 172 26 28)
'(992 490 860 20 22)
'(993 50 104 18 16)
'(994 256 188 26 16)
'(995 311 623 13 16)
'(996 565 85 24 17)
'(997 708 788 15 11)
'(998 673 535 24 11)
'(999 363 116 16 15)
'(1000 282 493 17 27)
'(1001 727 347 16 13)
'(1002 742 820 15 24)
'(1003 548 815 27 13)
'(1004 212 192 21 19)
'(1005 365 62 19 14)
'(1006 941 366 13 17)
'(1007 636 824 23 25)
'(1008 927 9 20 11)
'(1009 916 729 23 29)
'(1010 332 88 13 26)
'(1011 598 622 12 18)
'(1012 868 603 10 19)
'(1013 486 114 22 26)
'(1014 771 774 27 17)
'(1015 300 567 22 15)
'(1016 154 973 17 10)
'(1017 541 98 13 23)
'(1018 743 459 23 29)
'(1019 348 335 28 15)
'(1020 132 45 25 28)
'(1021 76 790 11 16)
'(1022 404 542 11 11)
'(1023 372 824 26 25)
'(1024 268 939 26 21)
'(1025 916 958 16 16)
'(1026 90 461 29 23)
'(1027 730 39 14 13)
'(1028 278 175 16 6)
'(1029 384 686 20 19)
'(1030 89 436 5 6)
'(1031 52 108 13 8)
'(1032 469 618 29 13)
'(1033 173 317 27 29)
'(1034 178 387 23 18)
'(1035 938 108 9 6)
'(1036 576 455 14 24)
'(1037 958 257 23 12)
'(1038 377 835 25 12)
'(1039 298 597 25 18)
'(1040 504 883 13 18)
'(1041 814 866 24 20)
'(1042 940 597 22 26)
'(1043 184 286 11 27)
'(1044 896 102 19 22)
'(1045 321 610 12 17)
'(1046 295 765 16 21)
'(1047 943 376 22 28)
'(1048 265 36 26 26)
'(1049 145 633 25 26)
'(1050 171 347 14 18)
'(1051 753 106 25 24)
'(1052 512 36 11 18)
'(1053 913 453 13 19)
'(1054 598 313 15 17)
'(1055 631 218 26 16)
'(1056 830 315 22 26)
'(1057 562 59 18 15)
'(1058 190 466 20 20)
'(1059 907 882 23 21)
'(1060 879 184 27 15)
'(1061 882 553 28 11)
'(1062 225 720 13 27)
'(1063 980 272 10 19)
'(1064 322 253 24 15)
'(1065 397 373 13 20)
'(1066 244 359 20 25)
'(1067 449 536 17 27)
'(1068 538 40 16 28)
'(1069 334 859 24 25)
'(1070 920 979 24 15)
'(1071 74 241 17 24)
'(1072 811 385 13 24)
'(1073 680 56 22 23)
'(1074 841 13 22 27)
'(1075 230 220 12 23)
'(1076 20 141 24 27)
'(1077 323 572 26 29)
'(1078 383 688 12 17)
'(1079 17 433 29 26)
'(1080 232 697 29 21)
'(1081 611 785 22 17)
'(1082 954 482 18 14)
'(1083 530 441 12 14)
'(1084 293 902 21 21)
'(1085 14 683 25 28)
'(1086 727 679 23 10)
'(1087 386 324 15 10)
'(1088 527 19 22 20)
'(1089 713 207 17 15)
'(1090 270 176 16 13)
'(1091 716 638 16 24)
'(1092 230 217 19 11)
'(1093 564 531 26 22)
'(1094 609 45 17 28)
'(1095 78 352 26 14)
'(1096 746 131 10 17)
'(1097 665 582 25 24)
'(1098 345 41 27 28)
'(1099 57 588 25 27)
'(1100 74 502 10 27)
'(1101 396 942 11 12)
'(1102 327 615 23 11)
'(1103 336 656 16 15)
'(1104 447 10 23 10)
'(1105 294 450 21 15)
'(1106 309 369 23 25)
'(1107 748 68 12 14)
'(1108 665 60 26 15)
'(1109 321 733 26 20)
'(1110 282 632 14 14)
'(1111 645 856 12 26)
'(1112 269 27 12 20)
'(1113 100 330 11 13)
'(1114 7 812 13 10)
'(1115 943 16 10 11)
'(1116 50 526 19 20)
'(1117 36 647 18 10)
'(1118 204 840 21 20)
'(1119 669 450 7 7)
'(1120 962 269 11 20)
'(1121 781 549 19 24)
'(1122 790 14 17 27)
'(1123 13 363 17 28)
'(1124 832 648 10 24)
'(1125 858 932 23 19)
'(1126 898 666 22 23)
'(1127 727 220 13 27)
'(1128 653 912 29 20)
'(1129 478 108 19 16)
'(1130 497 961 17 20)
'(1131 969 286 12 29)
'(1132 528 143 18 28)
'(1133 272 686 23 16)
'(1134 523 381 22 11)
'(1135 518 727 17 20)
'(1136 122 673 12 23)
'(1137 762 776 25 13)
'(1138 184 810 24 25)
'(1139 715 839 26 20)
'(1140 68 634 18 28)
'(1141 195 553 28 13)
'(1142 745 235 28 13)
'(1143 765 834 24 29)
'(1144 910 835 23 10)
'(1145 471 570 11 27)
'(1146 230 218 10 13)
'(1147 977 187 11 20)
'(1148 535 71 10 21)
'(1149 89 79 12 11)
'(1150 644 814 25 25)
'(1151 325 153 15 10)
'(1152 408 454 17 21)
'(1153 97 259 15 28)
'(1154 697 639 17 11)
'(1155 531 31 26 17)
'(1156 126 652 29 22)
'(1157 531 231 15 19)
'(1158 771 570 28 28)
'(1159 718 329 16 28)
'(1160 4 788 21 22)
'(1161 41 605 15 21)
'(1162 814 927 28 10)
'(1163 376 77 18 22)
'(1164 775 404 22 26)
'(1165 382 853 22 17)
'(1166 924 404 29 16)
'(1167 449 158 19 17)
'(1168 817 884 23 22)
'(1169 780 418 20 10)
'(1170 865 781 13 28)
'(1171 239 723 12 26)
'(1172 689 902 22 22)
'(1173 477 204 23 26)
'(1174 510 172 10 12)
'(1175 699 784 15 11)
'(1176 9 782 16 16)
'(1177 409 805 16 29)
'(1178 643 928 22 17)
'(1179 751 323 22 16)
'(1180 808 209 26 25)
'(1181 589 508 12 13)
'(1182 260 9 13 18)
'(1183 701 864 24 26)
'(1184 289 671 22 19)
'(1185 96 528 22 25)
'(1186 370 307 22 29)
'(1187 366 962 22 28)
'(1188 527 728 24 29)
'(1189 708 950 22 15)
'(1190 694 856 17 11)
'(1191 909 505 27 14)
'(1192 794 774 17 26)
'(1193 692 796 15 28)
'(1194 575 752 24 17)
'(1195 819 805 20 17)
'(1196 165 838 10 12)
'(1197 707 208 15 26)
'(1198 714 302 29 17)
'(1199 555 53 17 29)
'(1200 572 646 27 23)
'(1201 378 633 11 18)
'(1202 902 844 10 12)
'(1203 771 823 24 26)
'(1204 538 75 22 26)
'(1205 821 307 27 14)
'(1206 682 603 19 18)
'(1207 854 229 27 20)
'(1208 78 499 24 27)
'(1209 665 877 22 17)
'(1210 891 748 26 25)
'(1211 642 369 28 13)
'(1212 921 369 10 15)
'(1213 527 925 26 17)
'(1214 632 827 25 25)
'(1215 871 572 10 14)
'(1216 131 902 22 17)
'(1217 163 628 26 13)
'(1218 351 353 18 26)
'(1219 44 600 19 29)
'(1220 316 405 23 24)
'(1221 527 409 19 13)
'(1222 577 886 23 22)
'(1223 175 827 22 27)
'(1224 562 781 22 24)
'(1225 44 567 16 16)
'(1226 878 69 23 17)
'(1227 807 153 17 22)
'(1228 72 613 11 10)
'(1229 785 568 12 25)
'(1230 819 410 29 21)
'(1231 610 701 26 14)
'(1232 2 876 29 20)
'(1233 603 25 28 28)
'(1234 303 583 23 20)
'(1235 814 870 21 11)
'(1236 103 696 26 14)
'(1237 492 931 12 13)
'(1238 623 485 16 20)
'(1239 868 711 12 12)
'(1240 187 964 15 17)
'(1241 43 631 15 11)
'(1242 605 916 13 22)
'(1243 727 465 21 20)
'(1244 642 115 14 24)
'(1245 264 513 25 10)
'(1246 560 682 10 11)
'(1247 390 722 11 25)
'(1248 532 730 17 22)
'(1249 956 863 21 19)
'(1250 949 364 23 27)
'(1251 527 318 15 15)
'(1252 96 567 28 16)
'(1253 251 808 21 15)
'(1254 602 539 14 12)
'(1255 632 820 28 10)
'(1256 398 161 25 19)
'(1257 106 580 23 19)
'(1258 165 840 28 11)
'(1259 284 903 26 20)
'(1260 384 578 28 21)
'(1261 252 423 16 14)
'(1262 279 618 15 24)
'(1263 859 434 12 13)
'(1264 117 586 28 20)
'(1265 170 780 15 26)
'(1266 858 554 27 22)
'(1267 380 926 27 11)
'(1268 769 549 21 10)
'(1269 323 871 20 10)
'(1270 776 510 24 29)
'(1271 534 727 12 24)
'(1272 822 678 11 24)
'(1273 128 16 6 6)
'(1274 580 802 26 13)
'(1275 609 322 16 11)
'(1276 568 851 14 23)
'(1277 689 298 26 26)
'(1278 536 28 11 23)
'(1279 228 759 21 24)
'(1280 709 896 17 18)
'(1281 325 172 11 17)
'(1282 252 552 12 28)
'(1283 323 401 22 24)
'(1284 155 230 17 15)
'(1285 227 739 19 12)
'(1286 341 111 18 10)
'(1287 597 58 25 24)
'(1288 245 892 26 11)
'(1289 726 425 21 16)
'(1290 79 317 7 16)
'(1291 410 626 25 11)
'(1292 784 871 20 18)
'(1293 446 429 21 22)
'(1294 782 808 17 10)
'(1295 360 190 27 21)
'(1296 862 193 13 28)
'(1297 229 713 18 11)
'(1298 561 344 23 26)
'(1299 519 131 22 26)
'(1300 58 180 16 21)
'(1301 767 567 11 10)
'(1302 721 739 10 19)
'(1303 942 971 23 11)
'(1304 245 768 28 26)
'(1305 752 583 29 18)
'(1306 797 199 26 28)
'(1307 584 966 12 24)
'(1308 322 185 18 18)
'(1309 590 941 14 26)
'(1310 877 662 16 24)
'(1311 844 702 16 12)
'(1312 142 590 14 11)
'(1313 239 792 23 29)
'(1314 741 727 20 24)
'(1315 514 219 28 11)
'(1316 505 284 23 11)
'(1317 493 869 26 28)
'(1318 625 520 26 28)
'(1319 621 813 11 26)
'(1320 138 534 24 22)
'(1321 636 736 10 21)
'(1322 811 595 18 28)
'(1323 900 304 23 28)
'(1324 481 927 10 14)
'(1325 538 780 11 15)
'(1326 587 894 22 26)
'(1327 626 162 18 25)
'(1328 410 162 11 13)
'(1329 85 337 22 18)
'(1330 566 763 25 11)
'(1331 971 480 17 10)
'(1332 355 400 11 29)
'(1333 816 796 29 10)
'(1334 448 652 13 27)
'(1335 372 140 20 28)
'(1336 186 772 10 11)
'(1337 57 551 23 14)
'(1338 952 414 29 10)
'(1339 788 795 17 19)
'(1340 870 715 11 22)
'(1341 51 188 20 20)
'(1342 289 113 22 21)
'(1343 41 427 24 26)
'(1344 472 613 10 27)
'(1345 789 674 19 22)
'(1346 769 30 18 17)
'(1347 893 500 29 20)
'(1348 26 81 22 21)
'(1349 539 706 17 12)
'(1350 951 977 16 22)
'(1351 336 786 15 27)
'(1352 702 439 17 17)
'(1353 766 414 11 16)
'(1354 415 436 28 10)
'(1355 667 444 12 18)
'(1356 922 906 24 10)
'(1357 709 813 19 15)
'(1358 78 613 10 13)
'(1359 115 776 16 23)
'(1360 873 571 27 10)
'(1361 691 199 17 24)
'(1362 277 286 10 12)
'(1363 137 800 18 24)
'(1364 186 238 29 29)
'(1365 303 914 20 11)
'(1366 205 472 19 19)
'(1367 877 890 28 23)
'(1368 867 146 23 21)
'(1369 243 663 11 12)
'(1370 731 726 17 15)
'(1371 726 767 17 24)
'(1372 710 816 24 12)
'(1373 507 900 22 24)
'(1374 680 44 16 12)
'(1375 214 234 23 15)
'(1376 631 279 21 24)
'(1377 29 140 10 18)
'(1378 731 461 24 11)
'(1379 303 488 22 17)
'(1380 236 676 12 20)
'(1381 81 109 20 13)
'(1382 413 123 19 28)
'(1383 173 276 21 22)